1.311786645571479994e+03
9.275732325535477685e+02
7.573603729400501834e+02
6.558933227857399970e+02
5.866488222948505609e+02
5.355346555078821211e+02
4.958087481939663803e+02
4.637866162767738842e+02
4.372622151904934071e+02
4.148233604197907312e+02
3.955185553054111551e+02
3.786801864700250917e+02
3.638241548520675224e+02
3.505897280195670191e+02
3.387018554717089387e+02
3.279466613928699985e+02
3.181549939979935289e+02
3.091910775178492941e+02
3.009444959753836315e+02
2.933244111474252804e+02
2.862553142363578900e+02
2.796738525415628374e+02
2.735264237692327924e+02
2.677673277539410606e+02
2.623573291142960215e+02
2.572625270553614882e+02
2.524534576466834039e+02
2.479043740969831902e+02
2.435926647655364548e+02
2.394983788045113329e+02
2.356038366725555875e+02
2.318933081383869421e+02
2.283527443750710404e+02
2.249695537243465253e+02
2.217324129601570064e+02
2.186311075952467036e+02
2.156563960926429786e+02
2.127998938649614331e+02
2.100539737415293189e+02
2.074116802098953656e+02
2.048666552341336171e+02
2.024130738472147186e+02
2.000455880310539101e+02
1.977592776527055776e+02
1.955496074316168631e+02
1.934123890809297848e+02
1.913437479033355828e+02
1.893400932350125458e+02
1.873980922244971339e+02
1.855146465107095821e+02
1.836868714287653290e+02
1.819120774260337612e+02
1.801877534160575465e+02
1.785115518359607165e+02
1.768812752050819199e+02
1.752948640097835096e+02
1.737503857625239903e+02
1.722460251030122151e+02
1.707800748261389572e+02
1.693509277358544693e+02
1.679570692366119715e+02
1.665970705847318527e+02
1.652695827313221457e+02
1.639733306964349993e+02
1.627071084211266054e+02
1.614697740501709973e+02
1.602602456034892100e+02
1.590774969989967644e+02
1.579205543936421918e+02
1.567884928129829234e+02
1.556804330427873992e+02
1.545955387589246470e+02
1.535330138742499742e+02
1.524921000833599294e+02
1.514720745880100594e+02
1.504722479876918158e+02
1.494919623213806403e+02
1.485305892478163514e+02
1.475875283528806676e+02
1.466622055737126402e+02
1.457540717301644690e+02
1.448626011550624071e+02
1.439872904155117226e+02
1.431276571181789450e+02
1.422832387921102395e+02
1.414535918432086703e+02
1.406382905750007808e+02
1.398369262707814187e+02
1.390491063326423102e+02
1.382744534732636055e+02
1.375126049566892164e+02
1.367632118846163962e+02
1.360259385250085984e+02
1.353004616800978397e+02
1.345864700910739487e+02
1.338836638769705303e+02
1.331917540054496101e+02
1.325104617933639588e+02
1.318395184351370517e+02
1.311786645571480108e+02
1.305276497964432565e+02
1.298862324022214523e+02
1.292541788586505902e+02
1.286312635276807441e+02
1.280172683106119109e+02
1.274119823272637859e+02
1.268152016116761018e+02
1.262267288233417020e+02
1.256463729730445920e+02
1.250739491624373443e+02
1.245092783365519864e+02
1.239521870484915951e+02
1.234025072356009076e+02
1.228600760064592663e+02
1.223247354380837493e+02
1.217963323827682274e+02
1.212747182840225122e+02
1.207597490011088723e+02
1.202512846417054675e+02
1.197491894022556664e+02
1.192533314155891020e+02
1.187635826054267909e+02
1.182798185474052985e+02
1.178019183362777937e+02
1.173297644589701179e+02
1.168632426731890206e+02
1.164022418912981323e+02
1.159466540691934711e+02
1.154963740999259585e+02
1.150512997118334368e+02
1.146113313709577284e+02
1.141763721875355202e+02
1.137463278263633697e+02
1.133211064208488210e+02
1.129006184905696415e+02
1.124847768621732627e+02
1.120734965934576621e+02
1.116666949004834350e+02
1.112642910875753017e+02
1.108662064800785032e+02
1.104723643597426843e+02
1.100826899026132111e+02
1.096971101193153686e+02
1.093155537976233518e+02
1.089379514472114892e+02
1.085642352464904263e+02
1.081943389914357567e+02
1.078281980463214893e+02
1.074657492962753480e+02
1.071069311015764214e+02
1.067516832536203992e+02
1.063999469324807166e+02
1.060516646659978477e+02
1.057067802903321194e+02
1.053652389119184392e+02
1.050269868707646594e+02
1.046919717050375453e+02
1.043601421168837646e+02
1.040314479394347416e+02
1.037058401049476828e+02
1.033832706140366184e+02
1.030636925059497457e+02
1.027470598298510538e+02
1.024333276170668086e+02
1.021224518542583297e+02
1.018143894574851203e+02
1.015090982471234895e+02
1.012065369236073593e+02
1.009066650439600039e+02
1.006094429990859851e+02
1.003148319917945344e+02
1.000227940155269550e+02
9.973329183376094420e+01
9.944628896006715024e+01
9.916174963879328175e+01
9.887963882635278878e+01
9.859992217309576290e+01
9.832256600574069694e+01
9.804753731034702469e+01
9.777480371580843155e+01
9.750433347784874627e+01
9.723609546350176913e+01
9.697005913605853777e+01
9.670619454046489238e+01
9.644447228915394987e+01
9.618486354829801144e+01
9.592734002446535158e+01
9.567187395166779140e+01
9.541843807878596806e+01
9.516700565735884254e+01
9.491755042972535250e+01
9.467004661750627292e+01
9.442446891041464596e+01
9.418079245538393707e+01
9.393899284600307453e+01
9.369904611224856694e+01
9.346092871050356621e+01
9.322461751385425544e+01
9.299008980265537616e+01
9.275732325535479106e+01
9.252629593957004772e+01
9.229698630340790544e+01
9.206937316701933582e+01
9.184343571438266451e+01
9.161915348530716585e+01
9.139650636765072989e+01
9.117547458974426888e+01
9.095603871301688059e+01
9.073817962481530230e+01
9.052187853141140295e+01
9.030711695119259730e+01
9.009387670802877324e+01
8.988213992481078662e+01
8.967188901715536531e+01
8.946310668727097948e+01
8.925577591798035826e+01
8.904987996689452245e+01
8.884540236073397068e+01
8.864232688979276986e+01
8.844063760254095996e+01
8.824031880036179132e+01
8.804135503241920446e+01
8.784373109065209917e+01
8.764743200489175479e+01
8.745244303809867858e+01
8.725874968171538626e+01
8.706633765113215873e+01
8.687519288126199513e+01
8.668530152222224672e+01
8.649664993511940736e+01
8.630922468793450264e+01
8.612301255150610757e+01
8.593800049560820753e+01
8.575417568512051503e+01
8.557152547628824379e+01
8.539003741306947859e+01
8.520969922356718484e+01
8.503049881654368392e+01
8.485242427801567544e+01
8.467546386792723467e+01
8.449960601689869577e+01
8.432483932304980101e+01
8.415115254889447272e+01
8.397853461830598576e+01
8.380697461355009636e+01
8.363646177238466350e+01
8.346698548522400074e+01
8.329853529236592635e+01
8.313110088128051700e+01
8.296467208395813486e+01
8.279923887431598928e+01
8.263479136566107286e+01
8.247131980820854835e+01
8.230881458665373884e+01
8.214726621779664129e+01
8.198666534821749963e+01
8.182700275200218698e+01
8.166826932851597576e+01
8.151045610022498522e+01
8.135355421056330272e+01
8.119755492184548018e+01
8.104244961322270058e+01
8.088822977868167641e+01
8.073488702508549864e+01
8.058241307025492972e+01
8.043079974108962915e+01
8.028003897172794723e+01
8.013012280174460500e+01
7.998104337438529399e+01
7.983279293483711569e+01
7.968536382853433508e+01
7.953874849949838222e+01
7.939293948871116413e+01
7.924792943252136013e+01
7.910371106108225092e+01
7.896027719682109591e+01
7.881762075293865166e+01
7.867573473193844791e+01
7.853461222418519583e+01
7.839424640649146170e+01
7.825463054073198066e+01
7.811575797248512742e+01
7.797762212970070550e+01
7.784021652139369962e+01
7.770353473636303931e+01
7.756757044193534512e+01
7.743231738273236431e+01
7.729776937946232351e+01
7.716392032773413234e+01
7.703076419689411125e+01
7.689829502888474622e+01
7.676650693712498708e+01
7.663539410541140739e+01
7.650495078684029693e+01
7.637517130274946453e+01
7.624605004167996469e+01
7.611758145835702294e+01
7.598976007268974797e+01
7.586258046878930372e+01
7.573603729400502971e+01
7.561012525797825390e+01
7.548483913171340021e+01
7.536017374666570845e+01
7.523612399384590788e+01
7.511268482294060789e+01
7.498985124144884651e+01
7.486761831383390131e+01
7.474598116069032017e+01
7.462493495792595866e+01
7.450447493595821413e+01
7.438459637892478327e+01
7.426529462390817571e+01
7.414656506017392701e+01
7.402840312842221238e+01
7.391080432005233547e+01
7.379376417644033381e+01
7.367727828822889080e+01
7.356134229462959695e+01
7.344595188273733299e+01
7.333110278685632011e+01
7.321679078783786565e+01
7.310301171242923601e+01
7.298976143263386973e+01
7.287703586508223452e+01
7.276483097041351300e+01
7.265314275266759125e+01
7.254196725868742135e+01
7.243130057753120354e+01
7.232113883989465819e+01
7.221147821754276208e+01
7.210231492275102028e+01
7.199364520775586129e+01
7.188546536421432620e+01
7.177777172267251160e+01
7.167056065204273807e+01
7.156382855908947249e+01
7.145757188792335057e+01
7.135178711950366903e+01
7.124647077114892113e+01
7.114161939605511975e+01
